rasters/polillo clipped/pol_bio19.asc
ncols        82
nrows        79
xllcorner    121.799999992850
yllcorner    14.399999942450
cellsize     0.008333333300
NODATA_value  -3.3999999999999999612e+38
[rows 0 to 16 of 79, columns 0 to 37 of 82]
-3.3999999521443642491e+38 -3.3999999521443642491e+38 -3.3999999521443642491e+38 -3.3999999521443642491e+38 -3.3999999521443642491e+38 -3.3999999521443642491e+38 -3.3999999521443642491e+38 -3.3999999521443642491e+38 -3.3999999521443642491e+38 -3.3999999521443642491e+38 -3.3999999521443642491e+38 -3.3999999521443642491e+38 -3.3999999521443642491e+38 -3.3999999521443642491e+38 -3.3999999521443642491e+38 -3.3999999521443642491e+38 -3.3999999521443642491e+38 -3.3999999521443642491e+38 975 977 -3.3999999521443642491e+38 -3.3999999521443642491e+38 -3.3999999521443642491e+38 -3.3999999521443642491e+38 -3.3999999521443642491e+38 -3.3999999521443642491e+38 -3.3999999521443642491e+38 -3.3999999521443642491e+38 -3.3999999521443642491e+38 -3.3999999521443642491e+38 -3.3999999521443642491e+38 -3.3999999521443642491e+38 -3.3999999521443642491e+38 -3.3999999521443642491e+38 -3.3999999521443642491e+38 -3.3999999521443642491e+38 -3.3999999521443642491e+38 -3.3999999521443642491e+38
-3.3999999521443642491e+38 -3.3999999521443642491e+38 -3.3999999521443642491e+38 -3.3999999521443642491e+38 -3.3999999521443642491e+38 -3.3999999521443642491e+38 -3.3999999521443642491e+38 -3.3999999521443642491e+38 -3.3999999521443642491e+38 -3.3999999521443642491e+38 -3.3999999521443642491e+38 -3.3999999521443642491e+38 -3.3999999521443642491e+38 965 968 971 -3.3999999521443642491e+38 975 978 981 983 -3.3999999521443642491e+38 -3.3999999521443642491e+38 -3.3999999521443642491e+38 -3.3999999521443642491e+38 -3.3999999521443642491e+38 -3.3999999521443642491e+38 -3.3999999521443642491e+38 -3.3999999521443642491e+38 -3.3999999521443642491e+38 -3.3999999521443642491e+38 -3.3999999521443642491e+38 -3.3999999521443642491e+38 -3.3999999521443642491e+38 -3.3999999521443642491e+38 -3.3999999521443642491e+38 -3.3999999521443642491e+38 -3.3999999521443642491e+38
-3.3999999521443642491e+38 -3.3999999521443642491e+38 -3.3999999521443642491e+38 -3.3999999521443642491e+38 -3.3999999521443642491e+38 943 -3.3999999521443642491e+38 -3.3999999521443642491e+38 -3.3999999521443642491e+38 -3.3999999521443642491e+38 -3.3999999521443642491e+38 -3.3999999521443642491e+38 966 969 973 975 977 980 983 984 986 -3.3999999521443642491e+38 991 992 993 -3.3999999521443642491e+38 -3.3999999521443642491e+38 -3.3999999521443642491e+38 -3.3999999521443642491e+38 -3.3999999521443642491e+38 -3.3999999521443642491e+38 -3.3999999521443642491e+38 -3.3999999521443642491e+38 -3.3999999521443642491e+38 -3.3999999521443642491e+38 -3.3999999521443642491e+38 -3.3999999521443642491e+38 -3.3999999521443642491e+38
-3.3999999521443642491e+38 -3.3999999521443642491e+38 -3.3999999521443642491e+38 -3.3999999521443642491e+38 945 948 952 -3.3999999521443642491e+38 959 962 -3.3999999521443642491e+38 969 972 975 978 981 981 985 986 988 990 993 995 995 997 999 -3.3999999521443642491e+38 -3.3999999521443642491e+38 -3.3999999521443642491e+38 -3.3999999521443642491e+38 -3.3999999521443642491e+38 -3.3999999521443642491e+38 -3.3999999521443642491e+38 -3.3999999521443642491e+38 -3.3999999521443642491e+38 -3.3999999521443642491e+38 -3.3999999521443642491e+38 -3.3999999521443642491e+38
-3.3999999521443642491e+38 -3.3999999521443642491e+38 -3.3999999521443642491e+38 -3.3999999521443642491e+38 950 955 958 962 964 968 971 973 977 979 981 984 986 987 989 992 994 995 997 999 1000 1000 -3.3999999521443642491e+38 -3.3999999521443642491e+38 -3.3999999521443642491e+38 -3.3999999521443642491e+38 -3.3999999521443642491e+38 -3.3999999521443642491e+38 -3.3999999521443642491e+38 -3.3999999521443642491e+38 -3.3999999521443642491e+38 -3.3999999521443642491e+38 -3.3999999521443642491e+38 -3.3999999521443642491e+38
-3.3999999521443642491e+38 -3.3999999521443642491e+38 -3.3999999521443642491e+38 -3.3999999521443642491e+38 956 960 964 967 969 973 975 978 978 980 981 983 989 989 991 994 996 998 1001 1001 1002 -3.3999999521443642491e+38 -3.3999999521443642491e+38 -3.3999999521443642491e+38 -3.3999999521443642491e+38 -3.3999999521443642491e+38 -3.3999999521443642491e+38 -3.3999999521443642491e+38 -3.3999999521443642491e+38 -3.3999999521443642491e+38 -3.3999999521443642491e+38 -3.3999999521443642491e+38 -3.3999999521443642491e+38 -3.3999999521443642491e+38
-3.3999999521443642491e+38 -3.3999999521443642491e+38 -3.3999999521443642491e+38 -3.3999999521443642491e+38 960 964 968 972 974 976 978 980 978 983 981 984 992 988 992 995 997 1001 1003 1004 1005 1005 1005 1007 1008 -3.3999999521443642491e+38 -3.3999999521443642491e+38 -3.3999999521443642491e+38 -3.3999999521443642491e+38 -3.3999999521443642491e+38 -3.3999999521443642491e+38 -3.3999999521443642491e+38 -3.3999999521443642491e+38 -3.3999999521443642491e+38
-3.3999999521443642491e+38 955 960 962 967 971 974 975 979 977 979 983 978 984 983 984 988 989 993 995 997 1001 1004 1006 1007 1006 1008 1009 1011 1011 -3.3999999521443642491e+38 -3.3999999521443642491e+38 -3.3999999521443642491e+38 -3.3999999521443642491e+38 -3.3999999521443642491e+38 -3.3999999521443642491e+38 -3.3999999521443642491e+38 -3.3999999521443642491e+38
-3.3999999521443642491e+38 961 965 969 971 976 977 980 984 985 984 978 979 983 993 989 987 987 992 996 1000 1004 1008 1007 1009 -3.3999999521443642491e+38 -3.3999999521443642491e+38 -3.3999999521443642491e+38 1012 1013 -3.3999999521443642491e+38 -3.3999999521443642491e+38 -3.3999999521443642491e+38 -3.3999999521443642491e+38 -3.3999999521443642491e+38 -3.3999999521443642491e+38 -3.3999999521443642491e+38 -3.3999999521443642491e+38
-3.3999999521443642491e+38 967 972 974 977 982 978 986 988 990 985 978 990 978 982 988 987 993 994 1004 1007 1010 1011 1010 -3.3999999521443642491e+38 -3.3999999521443642491e+38 -3.3999999521443642491e+38 -3.3999999521443642491e+38 1013 1014 -3.3999999521443642491e+38 -3.3999999521443642491e+38 -3.3999999521443642491e+38 -3.3999999521443642491e+38 -3.3999999521443642491e+38 -3.3999999521443642491e+38 -3.3999999521443642491e+38 -3.3999999521443642491e+38
-3.3999999521443642491e+38 973 978 979 983 986 988 990 994 993 978 990 992 995 1000 998 1004 1006 1006 1009 1011 1011 1011 1012 1012 -3.3999999521443642491e+38 -3.3999999521443642491e+38 -3.3999999521443642491e+38 -3.3999999521443642491e+38 1016 1017 -3.3999999521443642491e+38 -3.3999999521443642491e+38 -3.3999999521443642491e+38 -3.3999999521443642491e+38 -3.3999999521443642491e+38 -3.3999999521443642491e+38 -3.3999999521443642491e+38
975 979 982 985 990 991 991 994 998 1000 986 982 993 985 991 1007 1001 1009 1010 1013 1012 1014 1014 1013 1015 1016 -3.3999999521443642491e+38 -3.3999999521443642491e+38 -3.3999999521443642491e+38 -3.3999999521443642491e+38 1018 -3.3999999521443642491e+38 -3.3999999521443642491e+38 -3.3999999521443642491e+38 -3.3999999521443642491e+38 -3.3999999521443642491e+38 -3.3999999521443642491e+38 -3.3999999521443642491e+38
981 986 987 -3.3999999521443642491e+38 993 996 1000 1001 1003 1004 1005 982 985 1003 1012 1011 1012 1013 1014 1014 1016 1018 1017 1016 1017 1017 -3.3999999521443642491e+38 -3.3999999521443642491e+38 -3.3999999521443642491e+38 -3.3999999521443642491e+38 -3.3999999521443642491e+38 -3.3999999521443642491e+38 -3.3999999521443642491e+38 -3.3999999521443642491e+38 -3.3999999521443642491e+38 -3.3999999521443642491e+38 -3.3999999521443642491e+38 -3.3999999521443642491e+38
988 992 995 996 997 1002 1004 1006 1007 1008 1007 983 1000 1006 1012 1016 1016 1018 1017 1017 1019 1018 1020 1019 1019 -3.3999999521443642491e+38 -3.3999999521443642491e+38 -3.3999999521443642491e+38 -3.3999999521443642491e+38 -3.3999999521443642491e+38 -3.3999999521443642491e+38 -3.3999999521443642491e+38 -3.3999999521443642491e+38 -3.3999999521443642491e+38 -3.3999999521443642491e+38 -3.3999999521443642491e+38 -3.3999999521443642491e+38 -3.3999999521443642491e+38
994 998 999 1003 1005 1006 1010 1010 1010 1014 1014 1006 1010 1015 1019 1019 1019 1021 1019 1022 1021 1022 1023 1021 1020 1021 -3.3999999521443642491e+38 -3.3999999521443642491e+38 -3.3999999521443642491e+38 -3.3999999521443642491e+38 -3.3999999521443642491e+38 -3.3999999521443642491e+38 -3.3999999521443642491e+38 -3.3999999521443642491e+38 -3.3999999521443642491e+38 -3.3999999521443642491e+38 -3.3999999521443642491e+38 -3.3999999521443642491e+38
999 1004 -3.3999999521443642491e+38 -3.3999999521443642491e+38 -3.3999999521443642491e+38 1013 1012 1015 1016 1018 1019 1019 1020 1021 1021 1023 1023 1022 1023 1024 1021 1024 1024 1023 1022 1023 -3.3999999521443642491e+38 -3.3999999521443642491e+38 -3.3999999521443642491e+38 -3.3999999521443642491e+38 -3.3999999521443642491e+38 -3.3999999521443642491e+38 -3.3999999521443642491e+38 -3.3999999521443642491e+38 -3.3999999521443642491e+38 -3.3999999521443642491e+38 -3.3999999521443642491e+38 -3.3999999521443642491e+38
-3.3999999521443642491e+38 -3.3999999521443642491e+38 -3.3999999521443642491e+38 -3.3999999521443642491e+38 -3.3999999521443642491e+38 1015 1017 1020 1021 1020 1023 1022 1024 1024 1024 1023 1023 1026 1025 1023 1023 1022 1026 1025 1024 1025 -3.3999999521443642491e+38 -3.3999999521443642491e+38 -3.3999999521443642491e+38 -3.3999999521443642491e+38 -3.3999999521443642491e+38 -3.3999999521443642491e+38 -3.3999999521443642491e+38 -3.3999999521443642491e+38 -3.3999999521443642491e+38 -3.3999999521443642491e+38 -3.3999999521443642491e+38 -3.3999999521443642491e+38
