rasters/polillo clipped/pol_alt.asc
ncols        82
nrows        79
xllcorner    121.799999992850
yllcorner    14.399999942450
cellsize     0.008333333300
NODATA_value  -3.3999999999999999612e+38
[rows 0 to 16 of 79, columns 0 to 37 of 82]
-3.3999999521443642491e+38 -3.3999999521443642491e+38 -3.3999999521443642491e+38 -3.3999999521443642491e+38 -3.3999999521443642491e+38 -3.3999999521443642491e+38 -3.3999999521443642491e+38 -3.3999999521443642491e+38 -3.3999999521443642491e+38 -3.3999999521443642491e+38 -3.3999999521443642491e+38 -3.3999999521443642491e+38 -3.3999999521443642491e+38 -3.3999999521443642491e+38 -3.3999999521443642491e+38 -3.3999999521443642491e+38 -3.3999999521443642491e+38 -3.3999999521443642491e+38 3 5 -3.3999999521443642491e+38 -3.3999999521443642491e+38 -3.3999999521443642491e+38 -3.3999999521443642491e+38 -3.3999999521443642491e+38 -3.3999999521443642491e+38 -3.3999999521443642491e+38 -3.3999999521443642491e+38 -3.3999999521443642491e+38 -3.3999999521443642491e+38 -3.3999999521443642491e+38 -3.3999999521443642491e+38 -3.3999999521443642491e+38 -3.3999999521443642491e+38 -3.3999999521443642491e+38 -3.3999999521443642491e+38 -3.3999999521443642491e+38 -3.3999999521443642491e+38
-3.3999999521443642491e+38 -3.3999999521443642491e+38 -3.3999999521443642491e+38 -3.3999999521443642491e+38 -3.3999999521443642491e+38 -3.3999999521443642491e+38 -3.3999999521443642491e+38 -3.3999999521443642491e+38 -3.3999999521443642491e+38 -3.3999999521443642491e+38 -3.3999999521443642491e+38 -3.3999999521443642491e+38 -3.3999999521443642491e+38 -3 1 2 -3.3999999521443642491e+38 3 3 7 9 -3.3999999521443642491e+38 -3.3999999521443642491e+38 -3.3999999521443642491e+38 -3.3999999521443642491e+38 -3.3999999521443642491e+38 -3.3999999521443642491e+38 -3.3999999521443642491e+38 -3.3999999521443642491e+38 -3.3999999521443642491e+38 -3.3999999521443642491e+38 -3.3999999521443642491e+38 -3.3999999521443642491e+38 -3.3999999521443642491e+38 -3.3999999521443642491e+38 -3.3999999521443642491e+38 -3.3999999521443642491e+38 -3.3999999521443642491e+38
-3.3999999521443642491e+38 -3.3999999521443642491e+38 -3.3999999521443642491e+38 -3.3999999521443642491e+38 -3.3999999521443642491e+38 1 -3.3999999521443642491e+38 -3.3999999521443642491e+38 -3.3999999521443642491e+38 -3.3999999521443642491e+38 -3.3999999521443642491e+38 -3.3999999521443642491e+38 2 3 18 7 4 12 30 5 5 -3.3999999521443642491e+38 19 12 7 -3.3999999521443642491e+38 -3.3999999521443642491e+38 -3.3999999521443642491e+38 -3.3999999521443642491e+38 -3.3999999521443642491e+38 -3.3999999521443642491e+38 -3.3999999521443642491e+38 -3.3999999521443642491e+38 -3.3999999521443642491e+38 -3.3999999521443642491e+38 -3.3999999521443642491e+38 -3.3999999521443642491e+38 -3.3999999521443642491e+38
-3.3999999521443642491e+38 -3.3999999521443642491e+38 -3.3999999521443642491e+38 -3.3999999521443642491e+38 3 4 5 -3.3999999521443642491e+38 3 3 -3.3999999521443642491e+38 34 40 49 40 47 9 42 8 42 30 37 35 15 11 9 -3.3999999521443642491e+38 -3.3999999521443642491e+38 -3.3999999521443642491e+38 -3.3999999521443642491e+38 -3.3999999521443642491e+38 -3.3999999521443642491e+38 -3.3999999521443642491e+38 -3.3999999521443642491e+38 -3.3999999521443642491e+38 -3.3999999521443642491e+38 -3.3999999521443642491e+38 -3.3999999521443642491e+38
-3.3999999521443642491e+38 -3.3999999521443642491e+38 -3.3999999521443642491e+38 -3.3999999521443642491e+38 4 19 17 22 12 36 30 7 49 63 71 74 12 77 82 57 63 62 44 41 24 15 -3.3999999521443642491e+38 -3.3999999521443642491e+38 -3.3999999521443642491e+38 -3.3999999521443642491e+38 -3.3999999521443642491e+38 -3.3999999521443642491e+38 -3.3999999521443642491e+38 -3.3999999521443642491e+38 -3.3999999521443642491e+38 -3.3999999521443642491e+38 -3.3999999521443642491e+38 -3.3999999521443642491e+38
-3.3999999521443642491e+38 -3.3999999521443642491e+38 -3.3999999521443642491e+38 -3.3999999521443642491e+38 1 24 28 33 32 52 69 58 95 98 115 119 16 102 96 90 79 80 61 46 28 -3.3999999521443642491e+38 -3.3999999521443642491e+38 -3.3999999521443642491e+38 -3.3999999521443642491e+38 -3.3999999521443642491e+38 -3.3999999521443642491e+38 -3.3999999521443642491e+38 -3.3999999521443642491e+38 -3.3999999521443642491e+38 -3.3999999521443642491e+38 -3.3999999521443642491e+38 -3.3999999521443642491e+38 -3.3999999521443642491e+38
-3.3999999521443642491e+38 -3.3999999521443642491e+38 -3.3999999521443642491e+38 -3.3999999521443642491e+38 2 3 6 32 40 72 90 90 131 116 135 135 92 131 118 110 104 86 30 43 22 3 4 7 8 -3.3999999521443642491e+38 -3.3999999521443642491e+38 -3.3999999521443642491e+38 -3.3999999521443642491e+38 -3.3999999521443642491e+38 -3.3999999521443642491e+38 -3.3999999521443642491e+38 -3.3999999521443642491e+38 -3.3999999521443642491e+38
-3.3999999521443642491e+38 0 24 0 19 38 45 9 67 99 111 109 149 127 147 150 144 154 142 139 132 110 95 50 63 7 10 15 21 14 -3.3999999521443642491e+38 -3.3999999521443642491e+38 -3.3999999521443642491e+38 -3.3999999521443642491e+38 -3.3999999521443642491e+38 -3.3999999521443642491e+38 -3.3999999521443642491e+38 -3.3999999521443642491e+38
-3.3999999521443642491e+38 0 12 21 3 51 77 77 38 75 106 150 160 154 107 145 161 173 163 152 137 109 75 6 2 -3.3999999521443642491e+38 -3.3999999521443642491e+38 -3.3999999521443642491e+38 24 12 -3.3999999521443642491e+38 -3.3999999521443642491e+38 -3.3999999521443642491e+38 -3.3999999521443642491e+38 -3.3999999521443642491e+38 -3.3999999521443642491e+38 -3.3999999521443642491e+38 -3.3999999521443642491e+38
-3.3999999521443642491e+38 -1 14 6 9 47 111 55 12 76 128 170 123 188 181 164 181 160 163 112 86 76 63 5 -3.3999999521443642491e+38 -3.3999999521443642491e+38 -3.3999999521443642491e+38 -3.3999999521443642491e+38 1 11 -3.3999999521443642491e+38 -3.3999999521443642491e+38 -3.3999999521443642491e+38 -3.3999999521443642491e+38 -3.3999999521443642491e+38 -3.3999999521443642491e+38 -3.3999999521443642491e+38 -3.3999999521443642491e+38
-3.3999999521443642491e+38 0 26 9 38 46 10 69 39 89 172 134 134 130 102 128 99 85 103 82 42 8 5 6 0 -3.3999999521443642491e+38 -3.3999999521443642491e+38 -3.3999999521443642491e+38 -3.3999999521443642491e+38 12 12 -3.3999999521443642491e+38 -3.3999999521443642491e+38 -3.3999999521443642491e+38 -3.3999999521443642491e+38 -3.3999999521443642491e+38 -3.3999999521443642491e+38 -3.3999999521443642491e+38
1 4 5 65 44 66 86 74 35 50 156 182 147 189 174 83 144 81 12 39 5 42 6 0 0 8 -3.3999999521443642491e+38 -3.3999999521443642491e+38 -3.3999999521443642491e+38 -3.3999999521443642491e+38 9 -3.3999999521443642491e+38 -3.3999999521443642491e+38 -3.3999999521443642491e+38 -3.3999999521443642491e+38 -3.3999999521443642491e+38 -3.3999999521443642491e+38 -3.3999999521443642491e+38
2 24 8 -3.3999999521443642491e+38 5 25 44 26 44 11 87 194 192 121 31 87 19 77 8 6 42 53 27 0 15 1 -3.3999999521443642491e+38 -3.3999999521443642491e+38 -3.3999999521443642491e+38 -3.3999999521443642491e+38 -3.3999999521443642491e+38 -3.3999999521443642491e+38 -3.3999999521443642491e+38 -3.3999999521443642491e+38 -3.3999999521443642491e+38 -3.3999999521443642491e+38 -3.3999999521443642491e+38 -3.3999999521443642491e+38
8 27 26 3 0 21 31 38 64 11 90 202 145 125 91 25 79 48 23 7 32 86 38 16 5 -3.3999999521443642491e+38 -3.3999999521443642491e+38 -3.3999999521443642491e+38 -3.3999999521443642491e+38 -3.3999999521443642491e+38 -3.3999999521443642491e+38 -3.3999999521443642491e+38 -3.3999999521443642491e+38 -3.3999999521443642491e+38 -3.3999999521443642491e+38 -3.3999999521443642491e+38 -3.3999999521443642491e+38 -3.3999999521443642491e+38
3 31 4 15 28 25 32 10 70 46 42 130 119 93 41 40 64 52 9 50 67 53 34 13 5 3 -3.3999999521443642491e+38 -3.3999999521443642491e+38 -3.3999999521443642491e+38 -3.3999999521443642491e+38 -3.3999999521443642491e+38 -3.3999999521443642491e+38 -3.3999999521443642491e+38 -3.3999999521443642491e+38 -3.3999999521443642491e+38 -3.3999999521443642491e+38 -3.3999999521443642491e+38 -3.3999999521443642491e+38
0 24 -3.3999999521443642491e+38 -3.3999999521443642491e+38 -3.3999999521443642491e+38 21 5 8 23 35 23 62 65 59 68 66 72 11 28 65 111 73 26 12 7 13 -3.3999999521443642491e+38 -3.3999999521443642491e+38 -3.3999999521443642491e+38 -3.3999999521443642491e+38 -3.3999999521443642491e+38 -3.3999999521443642491e+38 -3.3999999521443642491e+38 -3.3999999521443642491e+38 -3.3999999521443642491e+38 -3.3999999521443642491e+38 -3.3999999521443642491e+38 -3.3999999521443642491e+38
-3.3999999521443642491e+38 -3.3999999521443642491e+38 -3.3999999521443642491e+38 -3.3999999521443642491e+38 -3.3999999521443642491e+38 0 3 21 38 74 55 79 65 62 85 95 96 14 76 100 112 120 23 23 6 6 -3.3999999521443642491e+38 -3.3999999521443642491e+38 -3.3999999521443642491e+38 -3.3999999521443642491e+38 -3.3999999521443642491e+38 -3.3999999521443642491e+38 -3.3999999521443642491e+38 -3.3999999521443642491e+38 -3.3999999521443642491e+38 -3.3999999521443642491e+38 -3.3999999521443642491e+38 -3.3999999521443642491e+38
